,Affluence Score,Communications Score,Community Score,Convenience Score,Family Score,Hip Score,Lifestyle Score,Safety Score,Tranquillity Score
1139512,9,9,9.0,9.0,8.0,9.0,9.0,3,7.0
1139514,9,9,9.0,9.0,9.0,8.0,9.0,3,7.0
1139501,10,9,9.0,9.0,10.0,8.0,9.0,5,8.0
1139502,10,9,9.0,9.0,9.0,8.0,9.0,3,8.0
1139516,10,9,10.0,9.0,10.0,8.0,9.0,3,8.0
1139511,9,9,9.0,9.0,9.0,8.0,9.0,4,8.0
1139509,10,9,9.0,9.0,9.0,9.0,9.0,4,7.0
1139520,10,9,9.0,9.0,9.0,8.0,9.0,5,8.0
1139019,9,9,9.0,9.0,9.0,8.0,9.0,5,8.0
1139020,9,9,9.0,9.0,9.0,8.0,9.0,6,8.0
1139513,10,9,9.0,9.0,9.0,8.0,9.0,5,8.0
1139521,10,9,10.0,9.0,9.0,8.0,9.0,5,8.0
1139510,9,9,9.0,9.0,9.0,8.0,9.0,5,8.0
1139517,10,9,10.0,9.0,9.0,8.0,9.0,5,8.0
1139523,10,9,10.0,9.0,10.0,8.0,9.0,4,8.0
1139501,10,9,9.0,9.0,10.0,8.0,9.0,5,8.0
1139516,10,9,10.0,9.0,10.0,8.0,9.0,3,8.0
1139517,10,9,10.0,9.0,9.0,8.0,9.0,5,8.0
1139411,10,9,10.0,9.0,10.0,8.0,8.0,5,8.0
1139424,10,8,9.0,9.0,9.0,8.0,8.0,5,8.0
1132705,10,9,9.0,9.0,9.0,9.0,9.0,2,7.0
1132718,10,9,9.0,9.0,9.0,9.0,9.0,3,8.0
1132722,10,9,10.0,9.0,9.0,8.0,9.0,5,8.0
1139410,10,9,10.0,9.0,9.0,8.0,7.0,5,7.0
1139423,10,9,10.0,9.0,9.0,8.0,8.0,3,8.0
1139422,10,9,9.0,9.0,9.0,8.0,8.0,6,8.0
1132705,10,9,9.0,9.0,9.0,9.0,9.0,2,7.0
1132718,10,9,9.0,9.0,9.0,9.0,9.0,3,8.0
1132706,9,9,9.0,9.0,9.0,9.0,9.0,2,7.0
1132717,9,9,9.0,9.0,9.0,9.0,9.0,2,7.0
1132719,10,9,9.0,9.0,10.0,8.0,9.0,3,8.0
1132707,10,9,9.0,9.0,9.0,9.0,9.0,3,7.0
1132708,10,9,9.0,9.0,9.0,9.0,9.0,5,7.0
1132709,10,9,9.0,9.0,9.0,9.0,9.0,3,7.0
1132720,10,9,9.0,9.0,9.0,9.0,9.0,3,7.0
1132736,10,9,9.0,9.0,9.0,9.0,9.0,5,8.0
1132722,10,9,10.0,9.0,9.0,8.0,9.0,5,8.0
1132729,10,9,9.0,9.0,10.0,9.0,9.0,5,8.0
1133234,10,9,9.0,9.0,9.0,10.0,10.0,2,7.0
1133235,10,9,9.0,9.0,9.0,9.0,9.0,3,7.0
1133244,10,9,9.0,9.0,8.0,10.0,10.0,2,6.0
1133227,10,9,9.0,10.0,8.0,10.0,10.0,2,7.0
1133228,10,9,9.0,10.0,9.0,10.0,10.0,2,7.0
1133229,10,9,9.0,9.0,9.0,10.0,10.0,2,7.0
1133230,10,9,9.0,10.0,9.0,10.0,10.0,2,7.0
1133233,10,9,9.0,10.0,8.0,10.0,10.0,2,7.0
1133245,10,9,9.0,10.0,9.0,10.0,10.0,2,7.0
1133243,10,9,9.0,9.0,9.0,9.0,10.0,1,7.0
1133248,10,9,9.0,10.0,8.0,10.0,10.0,2,7.0
1133025,10,9,9.0,10.0,9.0,9.0,10.0,2,8.0
1133026,10,9,9.0,10.0,9.0,9.0,10.0,2,8.0
1133230,10,9,9.0,10.0,9.0,10.0,10.0,2,7.0
1133245,10,9,9.0,10.0,9.0,10.0,10.0,2,7.0
1133243,10,9,9.0,9.0,9.0,9.0,10.0,1,7.0
1133248,10,9,9.0,10.0,8.0,10.0,10.0,2,7.0
1133025,10,9,9.0,10.0,9.0,9.0,10.0,2,8.0
1133026,10,9,9.0,10.0,9.0,9.0,10.0,2,8.0
1133005,10,9,10.0,9.0,9.0,9.0,9.0,3,8.0
1133246,10,9,9.0,9.0,8.0,9.0,10.0,2,7.0
1133247,10,9,9.0,9.0,8.0,9.0,9.0,2,7.0
1133542,10,9,9.0,10.0,8.0,9.0,10.0,2,8.0
1133216,10,9,9.0,10.0,8.0,9.0,10.0,2,7.0
1133249,10,9,9.0,10.0,8.0,10.0,10.0,2,7.0
1133508,7,9,8.0,7.0,,7.0,8.0,1,8.0
1133004,10,9,9.0,9.0,9.0,9.0,9.0,3,8.0
1133250,10,9,9.0,9.0,8.0,9.0,10.0,2,7.0
1133542,10,9,9.0,10.0,8.0,9.0,10.0,2,8.0
1133508,7,9,8.0,7.0,,7.0,8.0,1,8.0
1133209,10,9,9.0,9.0,7.0,10.0,9.0,3,7.0
1133205,10,9,9.0,9.0,7.0,10.0,10.0,2,7.0
1133210,10,9,9.0,9.0,8.0,9.0,9.0,2,7.0
1133509,10,9,9.0,10.0,7.0,9.0,10.0,1,6.0
1133510,10,9,9.0,10.0,7.0,10.0,10.0,1,6.0
1133511,10,9,9.0,10.0,7.0,10.0,10.0,1,6.0
1133525,10,9,9.0,10.0,7.0,10.0,10.0,1,7.0
1133526,10,9,9.0,10.0,7.0,10.0,10.0,1,7.0
1133529,10,9,9.0,10.0,7.0,9.0,10.0,1,7.0
1133212,10,9,9.0,10.0,7.0,10.0,9.0,1,7.0
1133532,10,9,9.0,10.0,7.0,10.0,10.0,1,7.0
1133211,10,9,8.0,10.0,7.0,10.0,10.0,2,7.0
1133530,10,9,9.0,10.0,7.0,9.0,9.0,1,7.0
1133534,10,9,10.0,10.0,6.0,10.0,10.0,1,6.0
1133535,10,9,9.0,10.0,7.0,10.0,10.0,1,6.0
1133601,7,9,8.0,7.0,,7.0,8.0,1,8.0
1133522,9,9,9.0,10.0,7.0,9.0,10.0,1,7.0
1141707,10,9,9.0,9.0,9.0,8.0,10.0,8,9.0
1141708,10,9,10.0,8.0,10.0,6.0,10.0,6,10.0
1141709,10,9,9.0,9.0,9.0,8.0,10.0,8,9.0
1141718,10,4,10.0,9.0,10.0,7.0,10.0,5,9.0
1141719,10,9,9.0,9.0,10.0,7.0,9.0,7,9.0
1141728,10,9,9.0,9.0,10.0,8.0,10.0,8,8.0
1133623,10,9,8.0,10.0,7.0,10.0,9.0,1,7.0
1133627,10,9,9.0,10.0,7.0,10.0,10.0,1,7.0
1133603,10,9,9.0,10.0,7.0,10.0,10.0,2,7.0
1133610,10,9,9.0,10.0,8.0,10.0,10.0,1,7.0
1133612,10,9,9.0,10.0,8.0,10.0,10.0,1,7.0
1133613,10,9,9.0,10.0,8.0,10.0,10.0,1,7.0
1133614,10,9,9.0,10.0,8.0,10.0,10.0,1,7.0
1133615,10,9,9.0,10.0,7.0,10.0,10.0,1,7.0
1133616,10,9,9.0,10.0,7.0,10.0,10.0,1,6.0
1133624,10,9,9.0,10.0,8.0,10.0,10.0,2,7.0
1133714,9,9,9.0,10.0,8.0,9.0,9.0,1,7.0
1133617,10,9,9.0,10.0,8.0,10.0,10.0,1,6.0
1133618,10,9,9.0,10.0,8.0,10.0,10.0,1,6.0
1133622,10,9,10.0,10.0,9.0,10.0,10.0,1,7.0
1132904,10,9,9.0,10.0,7.0,10.0,10.0,1,7.0
1132908,10,9,9.0,10.0,7.0,10.0,10.0,1,7.0
1133625,10,9,9.0,10.0,8.0,10.0,10.0,1,7.0
1132905,10,9,9.0,10.0,7.0,10.0,10.0,1,7.0
1133611,10,9,9.0,10.0,8.0,10.0,10.0,1,6.0
1132709,10,9,9.0,9.0,9.0,9.0,9.0,3,7.0
1132715,10,9,9.0,9.0,9.0,9.0,9.0,6,8.0
1132729,10,9,9.0,9.0,10.0,9.0,9.0,5,8.0
1132730,10,9,9.0,9.0,10.0,9.0,9.0,6,8.0
1132735,10,9,9.0,9.0,9.0,9.0,9.0,6,8.0
1132736,10,9,9.0,9.0,9.0,9.0,9.0,5,8.0
1132737,10,9,9.0,9.0,9.0,9.0,9.0,6,8.0
1132739,10,9,9.0,9.0,9.0,9.0,9.0,4,7.0
1132740,10,9,9.0,9.0,9.0,9.0,9.0,3,8.0
1132750,10,9,9.0,9.0,9.0,9.0,9.0,5,8.0
1132708,10,9,9.0,9.0,9.0,9.0,9.0,5,7.0
1132725,10,9,9.0,9.0,9.0,9.0,9.0,3,7.0
1132738,10,9,8.0,9.0,8.0,9.0,9.0,5,7.0
1132744,10,9,9.0,9.0,8.0,9.0,9.0,3,7.0
1133002,10,9,9.0,9.0,9.0,10.0,10.0,3,7.0
1133003,9,9,9.0,10.0,8.0,9.0,10.0,2,8.0
1133004,10,9,9.0,9.0,9.0,9.0,9.0,3,8.0
1133005,10,9,10.0,9.0,9.0,9.0,9.0,3,8.0
1133006,10,9,9.0,9.0,9.0,9.0,10.0,4,8.0
1133007,10,9,9.0,9.0,9.0,9.0,9.0,3,7.0
1133025,10,9,9.0,10.0,9.0,9.0,10.0,2,8.0
1133026,10,9,9.0,10.0,9.0,9.0,10.0,2,8.0
1133027,10,9,10.0,10.0,9.0,9.0,9.0,2,8.0
1133028,10,9,9.0,9.0,9.0,9.0,9.0,2,7.0
1133223,10,9,9.0,10.0,9.0,10.0,10.0,2,7.0
1133230,10,9,9.0,10.0,9.0,10.0,10.0,2,7.0
1133243,10,9,9.0,9.0,9.0,9.0,10.0,1,7.0
1133542,10,9,9.0,10.0,8.0,9.0,10.0,2,8.0
1141541,10,9,10.0,9.0,10.0,7.0,9.0,9,9.0
1141532,10,9,9.0,8.0,10.0,7.0,8.0,9,10.0
1141534,10,9,9.0,9.0,10.0,7.0,8.0,9,9.0
1141533,10,9,10.0,9.0,10.0,7.0,9.0,8,9.0
1141536,10,9,9.0,9.0,10.0,7.0,9.0,8,9.0
1141559,10,9,10.0,8.0,10.0,7.0,9.0,9,9.0
1141560,10,9,10.0,9.0,10.0,7.0,9.0,8,9.0
1141549,10,9,10.0,9.0,10.0,7.0,9.0,8,9.0
1141564,10,4,,,,,,10,
1141554,10,9,10.0,8.0,10.0,7.0,9.0,9,10.0
